%YAML:1.0

Camera.RGB: 1
Camera.fps: 20
Camera.height: 540
Camera.newHeight: 432
Camera.newWidth: 768
Camera.type: PinHole
Camera.width: 960
Camera1.cx: 460.2222057412764
Camera1.cy: 284.2617476074527
Camera1.fx: 490.195718693259
Camera1.fy: 482.23224089529407
Camera1.k1: 0.03970748448115477
Camera1.k2: -0.3177010638439898
Camera1.p1: 0.021639669275475743
Camera1.p2: -0.02338610992731179
File.version: '1.0'
ORBextractor.iniThFAST: 20
ORBextractor.minThFAST: 7
ORBextractor.nFeatures: 1000
ORBextractor.nLevels: 8
ORBextractor.scaleFactor: 1.2
Viewer.CameraLineWidth: 3.0
Viewer.CameraSize: 0.08
Viewer.GraphLineWidth: 0.9
Viewer.KeyFrameLineWidth: 1.0
Viewer.KeyFrameSize: 0.05
Viewer.PointSize: 2.0
Viewer.ViewpointF: 500.0
Viewer.ViewpointX: 0.0
Viewer.ViewpointY: -0.7
Viewer.ViewpointZ: -1.8
